>> a = [2,0;3,4]

a =

     2     0
     3     4

>> b = [1,2;2,1]

b =

     1     2
     2     1

>> a * b

ans =

     2     4
    11    10

>> a / b

ans =

   -0.6667    1.3333
    1.6667    0.6667
    
>> a \ b

ans =

    0.5000    1.0000
    0.1250   -0.5000

>> a .* b

ans =

     2     0
     6     4

>> a./ b

ans =

    2.0000         0
    1.5000    4.0000

>> a.\ b

ans =

    0.5000       Inf
    0.6667    0.2500

>> a .^ b

ans =

     2     0
     9     4

>> 
